2.155000000000000249e+00 2.780000000000000249e+00 3.150000000000000022e-01 9.640999999999999659e+01
0.000000000000000000e+00 7.285000000000000142e+00 7.471999999999999886e+01 9.286499999999999488e+01
5.449999999999999289e+00 3.682999999999999829e+01 1.475000000000000000e+01 9.332249999999999091e+01
2.800000000000000266e-01 6.524999999999999689e-01 7.174999999999999822e+00 4.779999999999999716e+01
1.774999999999999911e-01 1.248499999999999943e+01 5.814000000000000057e+01 9.425000000000000000e+01
6.500000000000000222e-01 9.300000000000000488e-01 2.794999999999999929e+01 4.699000000000000199e+01
0.000000000000000000e+00 1.667000000000000171e+01 7.404000000000000625e+01 9.714000000000000057e+01
4.699999999999999734e-01 2.500000000000000139e-02 7.370000000000000107e+00 7.873499999999999943e+01
8.830000000000000071e+00 1.879999999999999893e+00 4.328750000000000142e+01 5.470749999999999602e+01
1.769000000000000128e+01 4.396999999999999886e+01 5.086500000000000199e+01 9.499999999999999556e-01
